0,552
0,551
33,71
33,70
33,69
33,68
33,67
33,66
33,65
33,64
0,550
42,35
33,4
25,4
25,3
24,3
33,8
33,7
33,13
33,5
33,1
33,14
33,3
14,4
10,203
10,245
10,19
10,185
10,195
10,109
10,103
10,97
11,11
11,27
11,6
11,28
11,15
11,24
9,5
8,10
8,7
8,14
8,13
8,8
8,5
0,318
35,10
35,9
35,8
35,7
35,6
35,5
35,4
35,3
35,2
35,1
34,5
34,4
34,3
34,2
34,1
33,144
33,143
33,142
33,141
33,140
33,139
33,138
33,137
33,136
33,135
33,134
33,133
33,132
33,131
33,130
33,129
33,128
33,127
33,126
33,125
33,124
33,123
33,122
20,1
33,121
20,3
33,120
33,119
33,118
33,117
33,116
33,115
33,114
33,113
33,112
33,111
33,110
33,109
33,108
33,107
33,106
33,105
33,104
33,103
33,102
33,101
33,100
33,99
33,98
33,97
33,96
33,95
33,94
33,93
33,92
33,91
33,90
33,89
33,88
33,23
33,22
33,21
33,0
30,5
30,3
30,1
25,1
25,5
24,1
24,4
20,2
19,3
19,2
